## ListNet
## Epochs = 1500
## No. of features = 46
1 2 3 4 5 6 7 8 9 10 11 12 13 14 15 16 17 18 19 20 21 22 23 24 25 26 27 28 29 30 31 32 33 34 35 36 37 38 39 40 41 42 43 44 45 46
0
0 0 -0.007176961048800535
0 1 0.06880860934632155
0 2 0.1365258658748864
0 3 0.0822883711680362
0 4 0.047863428713881516
0 5 0.02728487178683281
0 6 0.04758821800351143
0 7 -0.03009563684463501
0 8 0.023722004145383835
0 9 -0.07133569568395615
0 10 0.03847339903487916
0 11 0.17604221281380786
0 12 0.08324848389003874
0 13 -0.02752927963369485
0 14 0.1371279816280701
0 15 0.10635523399008219
0 16 -0.03563608955225372
0 17 2.8717156302701836E-4
0 18 -0.04858399989201362
0 19 0.05970517021632312
0 20 0.3046164920366516
0 21 0.18219509035192702
0 22 0.3028060121544294
0 23 0.15850604562896156
0 24 0.04344758768086989
0 25 0.10922433625604881
0 26 0.1551298205807079
0 27 0.06010161580362378
0 28 0.1598988423545068
0 29 0.17829559855076837
0 30 0.11013947378035083
0 31 0.022287920547077296
0 32 0.069999293177051
0 33 -0.03968515043170483
0 34 0.08423517798999829
0 35 0.06672699238041377
0 36 0.16516144390835438
0 37 0.24440447380730523
0 38 0.2131233361027835
0 39 0.18480349186872827
0 40 -0.06380058572094562
0 41 -0.06360210496119145
0 42 0.07080700248479843
0 43 0.08256922116878808
0 44 0.10214600487644643
0 45 -0.0805054721094253
0 46 -0.09914839267730713
