## RankNet
## Epochs = 100
## No. of features = 46
## No. of hidden layers = 1
## Layer 1: 10 neurons
1 2 3 4 5 6 7 8 9 10 11 12 13 14 15 16 17 18 19 20 21 22 23 24 25 26 27 28 29 30 31 32 33 34 35 36 37 38 39 40 41 42 43 44 45 46
1
10
0 0 0.07301186358278997 0.01270167338279314 -0.008362993006368677 -0.06319411465353436 -0.11974330703724559 0.0019847290342154098 0.018904794117155607 0.10295799675408966 0.06088297631912782 -0.01579773849673672
0 1 -0.08672778697113788 0.021029880768568862 -0.124332650868503 0.009714601111465937 -0.13091614228556483 0.04890223367915478 0.06246052535295164 0.03429344573448086 0.07578131850715268 -0.059338646847239454
0 2 -0.03101293093128872 0.04559188679846987 -0.010372441040332 0.10011259231357292 -2.140832839912089E-4 -0.1064424458821446 -0.06643608787288358 -0.007852087072428944 -0.05000899790657369 0.057533027638064144
0 3 0.05258031004713041 0.008264821230404212 -0.019277517047266872 0.03906583438442677 -0.04488433647582525 0.022921731544767066 -0.09534834496856731 -0.016062835696811006 0.014430296457960385 0.053161894755812046
0 4 -0.005355399124684349 0.07795542425624585 -0.09857655732009986 -0.055128218355780294 -0.043528970002800274 -0.0506967886298355 -0.10486549983562153 0.07623196532968324 -0.013876762589127274 -0.06871300357414979
0 5 -0.007556038908660412 -0.019761914387345314 -0.08882489800453186 0.019210034981369972 0.04707673192024231 -0.02626013197004795 0.009614872746169567 0.06018386408686638 0.08809808641672134 0.03961418196558952
0 6 -0.009007984772324562 -0.0678367018699646 0.02833356335759163 -0.04111458733677864 -0.08978439122438431 0.09521869570016861 0.009480160661041737 -0.09592971205711365 -0.005376738496124744 -0.08648152649402618
0 7 -0.08443077653646469 0.09288543462753296 0.04149381071329117 -0.02253548428416252 -0.0620402991771698 0.06473203003406525 -0.09601463377475739 0.05761994048953056 -0.036333102732896805 -0.044931452721357346
0 8 -0.08596472442150116 -0.0298226960003376 -0.08916874974966049 -0.09053367376327515 0.0815776139497757 0.05368092656135559 0.040636561810970306 0.002370518399402499 0.09176094830036163 -0.006219500210136175
0 9 0.009828495793044567 -0.0035809935070574284 -0.0027282298542559147 -0.09912979602813721 0.04014383628964424 0.0953918993473053 -0.0021232427097857 0.08926492929458618 0.03790806978940964 -0.09511289745569229
0 10 -0.020551472291014703 -0.0033776079986636925 0.029939357046611867 0.09552805074408835 -0.010483326652767974 0.05443366232241503 -0.07972545341158355 -0.0464673664660633 0.07800296771991919 -0.01327285201612995
0 11 -0.010988664054684742 0.07476867971986441 -0.03194383568015098 0.040347244742066746 -0.13248861098310533 -0.13252562944866944 -0.07822948475091855 0.06740323030522863 -0.01846078812592488 0.003180680023684028
0 12 -0.01905615919818819 -0.029365249073498807 -0.18322926816832227 0.1257296252986486 -0.13331065133493786 -0.06146110124396362 0.008119345747847279 0.04664000064433869 -0.10429350615993795 0.02792098524337738
0 13 -0.02111274674707549 -0.03392187885416347 -0.005299440485124554 0.0757786633715501 -0.10565850774980247 -0.06942838927128453 -0.08595281878258793 0.04071214865153433 0.09211004605755488 0.07777533482638786
0 14 -0.007823981421066967 0.08681203709473288 -0.01478041314948988 -0.017814615201643413 -0.03408158835406817 -0.05143381682782287 -0.10448302013174535 0.0347274506881349 0.0681813657982012 0.03437894951429928
0 15 -0.07662231322492676 -0.0019168874112178282 0.03457960027816951 0.024006583799397106 -0.021795016713496283 -0.05248694226847473 0.04936969861762886 0.010521669696198752 0.07883215182814511 0.05089413788847385
0 16 0.08956655153994351 -0.022686632730785593 -0.0460439702114175 0.034051911275188064 0.052499044234940694 -0.10316427589164881 0.035296150919965526 -0.010116584495918252 0.0948382539191699 -0.042528435691903274
0 17 0.01796086863302514 -0.011697128363996051 0.0171578952965422 -0.05667222632258747 0.03721329456491672 0.07138565751076174 0.016525170449784445 -0.04192763793053491 -0.05813143925124595 -0.015540537491492912
0 18 0.022379976599770455 -0.0386107422322868 0.034286840830646016 -0.003713367586698688 0.006560712455599413 -0.04439050800929735 -0.016593881808556112 -0.0045497234217676714 0.02822276724935458 -0.04041651878040099
0 19 0.0015860512821257173 -0.03038115034472969 -0.0902345586109143 0.0011604081039367367 0.06869059063508716 0.008344111251422044 0.05802588774336381 0.001088828193987025 0.06070792872270584 0.10362297983326531
0 20 -0.16706509296240127 0.10906807228320745 -0.23733114864195404 0.16657031947028567 -0.23925000520329617 -0.1602009272457096 -0.12716951927519596 0.14194513744517484 0.03604335564007379 0.19127232422212412
0 21 -0.09024671134307219 0.06702085268136604 -0.3006357569838669 0.08660959088917954 -0.2523830083487155 -0.10399039424346843 3.3901194067563356E-5 0.12659194292031262 -0.1539054599466811 0.14906121436600522
0 22 -0.06117153025035339 0.0035947625492547108 -0.17265214609814394 0.21185456188852003 -0.31151623028619824 -0.11083934238170912 0.04642596644371988 0.03974331740541712 -0.014250859085175958 0.04960076193632369
0 23 -0.12048802507752453 0.024454886953620584 -0.11337998065211959 0.1371235043874613 -0.2871113469308098 -0.126222061038527 -0.11628332899226589 0.15756264071558837 -0.03632979440570194 0.1015709974937909
0 24 0.02057389777412979 0.09455818959632009 -0.07048810262239 -0.014110582014406483 -0.17718826210479652 -0.09314335611350619 -0.10543870619385418 0.0871238796742737 0.030139479383368986 0.04367201031752237
0 25 -0.011345157708987471 -0.03276801632268701 -0.13072293521914033 0.001705257139550985 -0.1379811892421444 0.028094229284503863 -0.04552219295677481 0.07898899969231696 -0.0341107998838587 0.06414066457696149
0 26 0.06736212393735015 0.029121874426241253 -0.1019098156368326 0.13574812073050083 -0.049094409737033835 -0.10640823188918525 0.026824148477226986 0.0518561523545347 -0.08147576028627533 -0.023078996433567655
0 27 -0.0588138739880304 0.08085042425607843 -0.12169331784321741 0.09931116355437146 -0.12951485452711822 -0.12506451176668815 0.021667135694595344 0.1009956091718062 0.014307078903443328 0.136031004620175
0 28 0.03885453913311489 0.07367393338410394 -0.15268490806167792 0.005575100183486464 -0.08070078723871059 -0.1497797537187606 0.04690390416996278 0.12730906914722795 -0.04342127437608718 0.06746133622697995
0 29 -0.05277139180204861 0.04625560600308784 -0.026208031269828673 -0.008832009712066297 -0.13377150499639595 0.007763306611824954 0.06679159561702865 0.0031324505773237935 -0.06315690505016504 -0.009614127445538972
0 30 0.018195825035738848 -0.025706002153733826 -0.08421101642281498 0.15109737922700478 -0.19530309363590567 -0.05244064926444649 -0.10837383338596289 0.06368134830808872 -0.016550630860475937 0.10180342821536811
0 31 -0.11698855280036091 0.005335571240952739 -0.0845402300935686 0.004770304819074118 -0.14636608107289048 0.011559703592277733 -0.018572714743533045 0.1198046070777305 -0.11296974281463325 0.06427159001232927
0 32 -0.09535721984635379 0.06512316119794263 -0.12479166534282116 -0.03807951607117757 -0.09166875880325383 -0.1060884496521397 0.05369625656370355 -0.009982475615161999 -0.07779817071659834 0.06463274170651179
0 33 0.0185338219168101 -0.03354718185795097 -0.10487411463348004 0.005711059988647853 0.020954872506029787 -0.11200642440820885 -0.0828302412161896 0.04328728245377755 -0.10872597063483455 -0.05186036420890657
0 34 -0.020780424498701214 0.08513876493561612 -0.1374276630186602 0.07686746116853618 0.04797798775798527 0.06578761826399618 -0.08238737935524532 0.02621038038860506 0.06462200227551015 0.029404508345652804
0 35 -0.020708112314601734 -0.045260533908168296 -0.020339936139305376 -0.006122258471921128 0.0027497714615427665 0.03946504388420501 0.047736842811358406 0.0031340205061030175 -0.07277938876676818 -0.06176516624028148
0 36 -0.07291811031445712 -0.029204195753450717 -0.22151350496608432 0.16295708087480654 -0.2398347723427827 -0.12106095600682444 0.00928424972854895 0.032730074075444156 -0.06654046062666315 0.10376418685697643
0 37 -0.17852925122998536 0.02355339816187081 -0.2035681842932788 0.05482131404538482 -0.28054159227020403 -0.05662233596721678 -0.07707909567231556 0.11382410894205347 -0.0023188904791384794 0.033205023895203634
0 38 -0.10229825958422699 0.15294654747319705 -0.32005665370821107 0.15934432664204687 -0.17479022784153658 -0.1867928200410405 -0.03627701901472635 0.21181861496201665 -0.1321816555992055 0.11416561079287009
0 39 -0.14004046976630993 0.0764522620747983 -0.18276408979547956 0.04270530461909311 -0.1762377180654842 -0.21186196735981808 -0.05502847938714282 0.08035666411131893 -7.099898158956018E-4 0.17459196471257166
0 40 0.019946576572905963 -0.1073430804904052 0.0560823698742926 -0.10119045586885068 0.005782934256408787 0.005844598403521716 -0.03901882318634984 -0.037184137165199346 0.02734341622137515 0.07293960526887287
0 41 -0.009607065857705873 0.0726710168484409 0.06991416543413925 -0.07020767951115796 0.11420403760085425 0.026949897260781522 0.06573687522698166 0.040661758466817424 0.02616283139039582 -0.04732687823173803
0 42 0.07426853477954865 0.013427764177322388 -0.03191354125738144 -0.05765629559755325 0.09268784523010254 -0.09145753085613251 -0.08360151946544647 0.0248832106590271 0.03067460097372532 0.0690600574016571
0 43 0.02485425588077512 0.011410319659865662 -0.0528691392967069 0.021049771611977033 -0.07625146140736559 -0.08717035633323361 0.055148132387593266 0.01490538856693499 -0.02724707913406867 0.05269912533980453
0 44 0.0034416286043209253 0.029677253516416154 0.0031781301351899564 -0.08679799271728486 0.048279132446312795 -0.09782803521367602 -0.016245120788003872 -0.03748854461253477 0.012148281446291905 -0.09828933759405928
0 45 0.06818862128084538 0.062494585658374596 -0.012852689160127292 0.053264968030409254 -0.011226795524356802 -0.04013885678015253 -0.046065325826180094 -0.002968360002557161 0.01516313359663918 -0.06031631860861276
0 46 0.08567398286774919 0.09287068427113655 0.01703526685831178 0.03466621471559062 -0.004755240273635837 -0.05983098226907466 -0.05422670224071216 -0.08552251692353362 0.03896063168072907 -0.05889235734524106 -0.03792485821627479
1 0 -0.3356562928075598
1 1 0.1976573685438656
1 2 -0.685528352966533
1 3 0.4105433063265104
1 4 -0.733248318435667
1 5 -0.44010984439543543
1 6 -0.16173454333695397
1 7 0.39138052904348447
1 8 -0.20007736566365553
1 9 0.35274930301204555
